0.005 1.9 3.289 1.47 50 100
0.005 1.95714 3.38793 1.48714 50 100
0.005 2.01429 3.48686 1.50429 50 100
0.005 2.07143 3.58579 1.52143 50 100
0.005 2.12857 3.68471 1.53857 50 100
0.005 2.18571 3.78364 1.55571 50 100
0.005 2.24286 3.88257 1.57286 50 100
0.005 2.3 3.9815 1.59 50 100
0.005 2.35714 4.08043 1.60714 50 100
0.005 2.41429 4.17936 1.62429 50 100
0.005 2.47143 4.27829 1.64143 50 100
0.005 2.52857 4.37721 1.65857 50 100
0.005 2.58571 4.47614 1.67571 50 100
0.005 2.64286 4.57507 1.69286 50 100
0.005 2.7 4.674 1.71 50 100
0.005 2.71071 4.6925 1.71321 50 100
0.005 2.72143 4.711 1.71643 50 100
0.005 2.73214 4.7295 1.71964 50 100
0.005 2.74286 4.748 1.72286 50 100
0.005 2.75357 4.7665 1.72607 50 100
0.005 2.76429 4.785 1.72929 50 100
0.005 2.775 4.8035 1.7325 50 100
0.005 2.78571 4.822 1.73571 50 100
0.005 2.79643 4.8405 1.73893 50 100
0.005 2.80714 4.859 1.74214 50 100
0.005 2.81786 4.8775 1.74536 50 100
0.005 2.82857 4.896 1.74857 50 100
0.005 2.83929 4.9145 1.75179 50 100
0.005 2.85 4.933 1.755 50 100
0.005 2.9 5.01993 1.77 50 100
0.005 2.95 5.10686 1.785 50 100
0.005 3 5.19379 1.8 50 100
0.005 3.05 5.28071 1.815 50 100
0.005 3.1 5.36764 1.83 50 100
0.005 3.15 5.45457 1.845 50 100
0.005 3.2 5.5415 1.86 50 100
0.005 3.25 5.62843 1.875 50 100
0.005 3.3 5.71536 1.89 50 100
0.005 3.35 5.80229 1.905 50 100
0.005 3.4 5.88921 1.92 50 100
0.005 3.45 5.97614 1.935 50 100
0.005 3.5 6.06307 1.95 50 100
100 3.55 6.15 1.965 600 1350
