0.005 2 3.462 1.5 50 100
0.005 2.03523 3.52309 1.51057 50 100
0.005 2.07045 3.58418 1.52114 50 100
0.005 2.10568 3.64527 1.5317 50 100
0.005 2.14091 3.70636 1.54227 50 100
0.005 2.17614 3.76745 1.55284 50 100
0.005 2.21136 3.82855 1.56341 50 100
0.005 2.24659 3.88964 1.57398 50 100
0.005 2.28182 3.95073 1.58455 50 100
0.005 2.31705 4.01182 1.59511 50 100
0.005 2.35227 4.07291 1.60568 50 100
0.005 2.3875 4.134 1.61625 50 100
0.005 2.42273 4.19509 1.62682 50 100
0.005 2.45795 4.25618 1.63739 50 100
0.005 2.49318 4.31727 1.64795 50 100
0.005 2.52841 4.37836 1.65852 50 100
0.005 2.56364 4.43945 1.66909 50 100
0.005 2.59886 4.50055 1.67966 50 100
0.005 2.63409 4.56164 1.69023 50 100
0.005 2.66932 4.62273 1.7008 50 100
0.005 2.70455 4.68382 1.71136 50 100
0.005 2.73977 4.74491 1.72193 50 100
0.005 2.775 4.806 1.7325 50 100
0.005 2.81023 4.86709 1.74307 50 100
0.005 2.84545 4.92818 1.75364 50 100
0.005 2.88068 4.98927 1.7642 50 100
0.005 2.91591 5.05036 1.77477 50 100
0.005 2.95114 5.11145 1.78534 50 100
0.005 2.98636 5.17255 1.79591 50 100
0.005 3.02159 5.23364 1.80648 50 100
0.005 3.05682 5.29473 1.81705 50 100
0.005 3.09205 5.35582 1.82761 50 100
0.005 3.12727 5.41691 1.83818 50 100
0.005 3.1625 5.478 1.84875 50 100
0.005 3.19773 5.53909 1.85932 50 100
0.005 3.23295 5.60018 1.86989 50 100
0.005 3.26818 5.66127 1.88045 50 100
0.005 3.30341 5.72236 1.89102 50 100
0.005 3.33864 5.78345 1.90159 50 100
0.005 3.37386 5.84455 1.91216 50 100
0.005 3.40909 5.90564 1.92273 50 100
0.005 3.44432 5.96673 1.9333 50 100
0.005 3.47955 6.02782 1.94386 50 100
0.005 3.51477 6.08891 1.95443 50 100
100 3.55 6.15 1.965 600 1350
